1:
1 2 3 4 
1 2 3 4 
5 6 7 8 
5 6 7 8 
2:
1 2 3 4 
1 2 3 4 
5 6 7 7 
5 6 8 8 
3:
1 2 3 4 
1 2 3 4 
5 6 6 7 
5 8 8 7 
4:
1 2 3 4 
1 2 3 4 
5 5 6 7 
8 8 6 7 
5:
1 2 3 4 
1 2 3 4 
5 5 6 6 
7 7 8 8 
6:
1 2 3 3 
1 2 4 5 
6 7 4 5 
6 7 8 8 
7:
1 2 3 3 
1 2 4 5 
6 6 4 5 
7 7 8 8 
8:
1 2 3 3 
1 2 4 4 
5 6 7 8 
5 6 7 8 
9:
1 2 3 3 
1 2 4 4 
5 6 7 7 
5 6 8 8 
10:
1 2 3 3 
1 2 4 4 
5 6 6 7 
5 8 8 7 
11:
1 2 3 3 
1 2 4 4 
5 5 6 7 
8 8 6 7 
12:
1 2 3 3 
1 2 4 4 
5 5 6 6 
7 7 8 8 
13:
1 2 2 3 
1 4 5 3 
6 4 5 7 
6 8 8 7 
14:
1 2 2 3 
1 4 4 3 
5 6 7 8 
5 6 7 8 
15:
1 2 2 3 
1 4 4 3 
5 6 7 7 
5 6 8 8 
16:
1 2 2 3 
1 4 4 3 
5 6 6 7 
5 8 8 7 
17:
1 2 2 3 
1 4 4 3 
5 5 6 7 
8 8 6 7 
18:
1 2 2 3 
1 4 4 3 
5 5 6 6 
7 7 8 8 
19:
1 1 2 3 
4 5 2 3 
4 5 6 7 
8 8 6 7 
20:
1 1 2 3 
4 5 2 3 
4 5 6 6 
7 7 8 8 
21:
1 1 2 3 
4 4 2 3 
5 6 7 8 
5 6 7 8 
22:
1 1 2 3 
4 4 2 3 
5 6 7 7 
5 6 8 8 
23:
1 1 2 3 
4 4 2 3 
5 6 6 7 
5 8 8 7 
24:
1 1 2 3 
4 4 2 3 
5 5 6 7 
8 8 6 7 
25:
1 1 2 3 
4 4 2 3 
5 5 6 6 
7 7 8 8 
26:
1 1 2 2 
3 4 5 6 
3 4 5 6 
7 7 8 8 
27:
1 1 2 2 
3 4 5 5 
3 4 6 7 
8 8 6 7 
28:
1 1 2 2 
3 4 5 5 
3 4 6 6 
7 7 8 8 
29:
1 1 2 2 
3 4 4 5 
3 6 6 5 
7 7 8 8 
30:
1 1 2 2 
3 3 4 5 
6 7 4 5 
6 7 8 8 
31:
1 1 2 2 
3 3 4 5 
6 6 4 5 
7 7 8 8 
32:
1 1 2 2 
3 3 4 4 
5 6 7 8 
5 6 7 8 
33:
1 1 2 2 
3 3 4 4 
5 6 7 7 
5 6 8 8 
34:
1 1 2 2 
3 3 4 4 
5 6 6 7 
5 8 8 7 
35:
1 1 2 2 
3 3 4 4 
5 5 6 7 
8 8 6 7 
36:
1 1 2 2 
3 3 4 4 
5 5 6 6 
7 7 8 8 
